targetPos:  (2) [2, 2]
  [1.0057128117278902, 0.9036625342158563]
  [1.0054587879446022, 0.9524118723848769]
  [1.0051381134785518, 0.8964627914283222]
  [1.0048157195779548, 0.8402137153277065]
  [1.004497624262699, 0.7847146269084323]
  [1.004158895739035, 0.7256155978332919]
  [1.003825325514911, 0.6674165534750905]
  [1.0034513485902183, 0.6021676251983763]
  [1.0029234823115374, 0.5100691381442081]
  [1.0025323110454796, 0.44182025914212764]
  [1.0021935825197659, 0.3827212297093653]
  [1.0018677497521256, 0.32587216367824956]
  [1.0014920533928866, 0.26032324025747433]
  [1.0011834149645618, 0.20647412459410275]
  [1.000795682567597, 0.1388252358801444]
  [1.0006899373686111, 0.12037553899066684]
  [1.000632336324628, 0.11032570398916577]
  [1.000569576979055, 0.09937588391310365]
  [1.0005665413408296, 0.10417588302472294]
  
  [1.0005665413408296, 0.10417588302472294]
  
  [1.000556296062017, 0.12037587971351377]
  
  [1.000556296062017, 0.12037587971351377]
  
  [1.000549276148861, 0.13147587727915386]
  
  [1.000549276148861, 0.13147587727915386]
  
  [1.000542635690342, 0.14197587517935892]
  
  [1.000542635690342, 0.14197587517935892]
  
  [1.0005350465948917, 0.15397587277959326]
  
  [1.0005350465948917, 0.15397587277959326]
  
  [1.0005298290917697, 0.1622258711297544]
  
  [1.0005298290917697, 0.1622258711297544]
  
  [1.0005215759504222, 0.17527586859153482]
  
  [1.0005215759504222, 0.17527586859153482]
  
  [1.000515030355506, 0.18562586666478806]
  
  [1.000515030355506, 0.18562586666478806]
  
  [1.0005077258510897, 0.19717586442653917]
  
  [1.0005077258510897, 0.19717586442653917]
  
  [1.0005008008015366, 0.20812586216522747]
  
  [1.0005008008015366, 0.20812586216522747]
  
  [1.0004963422079143, 0.21517586082689072]
  
  [1.0004963422079143, 0.21517586082689072]
  
  [1.0004875198844985, 0.22912585796563759]
  
  [1.0004875198844985, 0.22912585796563759]
  
  [1.0004807845623769, 0.23977585569279447]
  
  [1.0004807845623769, 0.23977585569279447]
  
  [1.0004708238745983, 0.25552585254310206]
  
  [1.0004708238745983, 0.25552585254310206]
  
  [1.000455550819869, 0.27967584792815037]
  
  [1.000455550819869, 0.27967584792815037]
  
  [1.000450997362644, 0.28687584641676545]
  
  [1.000450997362644, 0.28687584641676545]
  
  [1.0004424596302626, 0.3003758437170291]
  
  [1.0004424596302626, 0.3003758437170291]
  
  [1.000434965398641, 0.3122258411326838]
  
  [1.000434965398641, 0.3122258411326838]
  
  [1.000429747895519, 0.3204758394828449]
  
  [1.000429747895519, 0.3204758394828449]
  
  [1.000421779345206, 0.3330758371061421]
  
  [1.000421779345206, 0.3330758371061421]
  
  [1.000416846433118, 0.34087583561782]
  
  [1.000416846433118, 0.34087583561782]
  
  [1.0004076446548393, 0.3554258327796297]
  
  [1.0004076446548393, 0.3554258327796297]
  
  [1.0004017631060462, 0.36472583063370906]
  
  [1.0004017631060462, 0.36472583063370906]
  
  [1.00039445860163, 0.3762758283954602]
  
  [1.00039445860163, 0.3762758283954602]
  
  [1.0003852568233513, 0.3908258255572699]
  
  [1.0003852568233513, 0.3908258255572699]
  
  [1.0003799444566266, 0.39922582373438287]
  
  [1.0003799444566266, 0.39922582373438287]
  
  [1.0003721656337448, 0.4115258213461486]
  
  [1.0003721656337448, 0.4115258213461486]
  
  [1.000361920354932, 0.4277258180349394]
  
  [1.000361920354932, 0.4277258180349394]
  
  [1.000356323396947, 0.4365758164081634]
  
  [1.000356323396947, 0.4365758164081634]
  
  [1.0003509161663935, 0.4451258147698559]
  
  [1.0003509161663935, 0.4451258147698559]
  
  [1.0003427578888748, 0.4580258120470567]
  
  [1.0003427578888748, 0.4580258120470567]
  
  [1.000334694474959, 0.47077580949730574]
  
  [1.000334694474959, 0.47077580949730574]
  
  [1.0003233108317835, 0.4887758058976573]
  
  [1.0003233108317835, 0.4887758058976573]
  
  [1.0003164806458331, 0.49957580380939376]
  
  [1.0003164806458331, 0.49957580380939376]
  
  [1.0003033894562265, 0.5202757995982724]
  
  [1.0003033894562265, 0.5202757995982724]
  
  [1.0002991205900358, 0.5270257982484042]
  
  [1.0002991205900358, 0.5270257982484042]
  
  [1.0002931441774139, 0.5364757962870632]
  
  [1.0002931441774139, 0.5364757962870632]
  
  [1.0002813810793756, 0.5550757927104776]
  
  [1.0002813810793756, 0.5550757927104776]
  
  [1.0002761635762536, 0.5633257910606387]
  
  [1.0002761635762536, 0.5633257910606387]
  
  [1.000269428254132, 0.5739757887877956]
  
  [1.000269428254132, 0.5739757887877956]
  
  [1.0002628826592157, 0.5843257868610489]
  
  [1.0002628826592157, 0.5843257868610489]
  
  [1.0002553884273682, 0.5961757846343314]
  
  [1.0002553884273682, 0.5961757846343314]
  
  [1.0002126997654603, 0.6636757711356497]
  
  [1.0002126997654603, 0.6636757711356497]
  
  [1.000173331332812, 0.7259257586868654]
  
  [1.000173331332812, 0.7259257586868654]
  
  [1.0001298837614043, 0.7946257448766815]
  
  [1.0001298837614043, 0.7946257448766815]
  
  [1.0000961122867411, 0.8480257340546732]
  
  [1.0000961122867411, 0.8480257340546732]
  
  [1.0000583565369212, 0.9077257220443136]
  
  [1.0000583565369212, 0.9077257220443136]
  
  [1.0000582683829846, 0.9093757218989076]
  
  [1.0000582683829846, 0.9093757218989076]
  
  [1.0000546300292787, 0.9774757219447663]
  
  [1.0000546300292787, 0.9774757219447663]
  
  [1.0000478421755692, 1.1045257218349658]
  
  [1.0000478421755692, 1.1045257218349658]
  
  [1.000043875248079, 1.178775721728996]
  
  [1.000043875248079, 1.178775721728996]
  
  [1.0000408459579992, 1.2354757215765482]
  
  [1.0000408459579992, 1.2354757215765482]
  
  [1.0000378407099004, 1.291725721496268]
  
  [1.0000378407099004, 1.291725721496268]
  
  [1.0000344748320298, 1.3547257214063544]
  
  [1.0000344748320298, 1.3547257214063544]
  
  [1.0000307242824065, 1.4249257212346391]
  
  [1.0000307242824065, 1.4249257212346391]
  
  [1.0000274305304788, 1.4865757213612287]
  
  [1.0000274305304788, 1.4865757213612287]
  
  [1.0000242569884943, 1.5459757211334018]
  
  [1.0000242569884943, 1.5459757211334018]
  
  [1.000023110987223, 1.5674257210312628]
  
  [1.000023110987223, 1.5674257210312628]
  
  [1.0000225980915398, 1.5770257211606127]
  
  [1.0000225980915398, 1.5770257211606127]
  
  [1.0000219088879836, 1.5899257209991506]
  
  [1.0000219088879836, 1.5899257209991506]
  
  [1.0000213719503195, 1.5999757210563328]
  
  [1.0000213719503195, 1.5999757210563328]
  
  [1.000021043376535, 1.6061257209045043]
  
  [1.000021043376535, 1.6061257209045043]
  
  [1.0000204343129089, 1.617525721102811]
  
  [1.0000204343129089, 1.617525721102811]
  
  [1.000019737095346, 1.6305757211557115]
  
  [1.000019737095346, 1.6305757211557115]
  
  [1.0000189998078277, 1.6443757208499137]
  
  [1.0000189998078277, 1.6443757208499137]
  
  [1.0000185910940749, 1.6520257210535723]
  
  [1.0000185910940749, 1.6520257210535723]
  
  [1.0000177656526008, 1.6674757209599964]
  
  [1.0000177656526008, 1.6674757209599964]
  
  [1.000017092477019, 1.6800757210850648]
  
  [1.000017092477019, 1.6800757210850648]
  
  [1.00001643532945, 1.6923757207814079]
  
  [1.00001643532945, 1.6923757207814079]
  
  [1.0000161548396276, 1.697625720773915]
  
  [1.0000161548396276, 1.697625720773915]
  
  [1.0000156579719381, 1.7069257208321675]
  
  [1.0000156579719381, 1.7069257208321675]
  
  [1.0000151450762549, 1.7165257209615175]
  
  [1.0000151450762549, 1.7165257209615175]
  
  [1.0000143196347808, 1.7319757208679416]
  
  [1.0000143196347808, 1.7319757208679416]
  
  [1.0000137586551356, 1.742475720852956]
  
  [1.0000137586551356, 1.742475720852956]
  
  [1.0000132938434336, 1.7511757207690137]
  
  [1.0000132938434336, 1.7511757207690137]
  
  [1.0000125805978772, 1.7645257208930116]
  
  [1.0000125805978772, 1.7645257208930116]
  
  [1.000011987562264, 1.775625720662593]
  
  [1.000011987562264, 1.775625720662593]
  
  [1.0000114265826188, 1.7861257206476073]
  
  [1.0000114265826188, 1.7861257206476073]
  
  [1.0000108335469864, 1.7972257207748166]
  
  [1.0000108335469864, 1.7972257207748166]
  
  [1.0000101122874427, 1.8107257207555494]
  
  [1.0000101122874427, 1.8107257207555494]
  
  [1.0000097837136583, 1.816875720603721]
  
  [1.0000097837136583, 1.816875720603721]
  
  [1.000008637712368, 1.8383257208592096]
  
  [1.000008637712368, 1.8383257208592096]
  
  [1.0000082370126215, 1.8458257208485056]
  
  [1.0000082370126215, 1.8458257208485056]
  
  [1.0000076439770083, 1.856925720618087]
  
  [1.0000076439770083, 1.856925720618087]
  
  [1.0000070589553822, 1.8678757205309335]
  
  [1.0000070589553822, 1.8678757205309335]
  
  [1.000006329681832, 1.881525720726029]
  
  [1.000006329681832, 1.881525720726029]
  
  [1.000005624450282, 1.8947257206356642]
  
  [1.000005624450282, 1.8947257206356642]
  
  [1.0000050073726685, 1.9062757206907057]
  
  [1.0000050073726685, 1.9062757206907057]
  
  [1.0035892991390118, 1.9066116575355014]
  
  [1.0035892991390118, 1.9066116575355014]
  
  [1.0191212296517433, 1.9080673838184532]
  
  [1.0191212296517433, 1.9080673838184532]
  
  [1.0264391581702657, 1.9087532548293005]
  
  [1.0264391581702657, 1.9087532548293005]
  
  [1.041523052301221, 1.910166989014996]
  
  [1.041523052301221, 1.910166989014996]
  
  [1.053620036389512, 1.91130077580778]
  
  [1.053620036389512, 1.91130077580778]
  
  [1.0660157115176763, 1.9124625573431924]
  
  [1.0660157115176763, 1.9124625573431924]
  
  [1.0719895308908702, 1.9130224520622705]
  
  [1.0719895308908702, 1.9130224520622705]
  
  [1.0837878242953554, 1.9141282441457985]
  
  [1.0837878242953554, 1.9141282441457985]
  
  [1.0952874266599675, 1.9152060414866983]
  
  [1.0952874266599675, 1.9152060414866983]
  
  [1.1076831017881317, 1.9163678230221106]
  
  [1.1076831017881317, 1.9163678230221106]
  
  [1.1188840131128706, 1.9174176256203819]
  
  [1.1188840131128706, 1.9174176256203819]
  
  [1.1287408149362137, 1.9183414518935116]
  
  [1.1287408149362137, 1.9183414518935116]
  
  [1.1963943192664228, 1.9246822595803958]
  
  [1.1963943192664228, 1.9246822595803958]
  
  [1.2509054210468185, 1.9297912988919828]
  
  [1.2509054210468185, 1.9297912988919828]
  
  [1.3124357606619306, 1.9355582145051609]
  
  [1.3124357606619306, 1.9355582145051609]
  
  [1.368589662983595, 1.9408212248845178]
  
  [1.368589662983595, 1.9408212248845178]
  
  [1.4386326949206547, 1.9473859904456843]
  
  [1.4386326949206547, 1.9473859904456843]
  
  [1.509571799977334, 1.9540347402347358]
  
  [1.509571799977334, 1.9540347402347358]
  
  [1.596938908310297, 1.9622232005012519]
  
  [1.596938908310297, 1.9622232005012519]
  
  [1.6590666300051555, 1.9680461055996867]
  
  [1.6590666300051555, 1.9680461055996867]
  
  [1.7325446080105884, 1.9749328106176487]
  
  [1.7325446080105884, 1.9749328106176487]
  
  [1.795120366087223, 1.9807977078133399]
  
  [1.795120366087223, 1.9807977078133399]
  
  [1.8638192888789546, 1.9872364970827372]
  
  [1.8638192888789546, 1.9872364970827372]
  
  [1.9510370518700146, 1.9954109599946253]
  
  [1.9510370518700146, 1.9954109599946253]